xxxxxxxxxxxxxxxxxxxxxxxxxxxxxxxxxxxxxxxxxxxxxxxxxxxxxxxxxxxxxxxx
1100011101001011010011000110110101110110001010110100101100011110
1010000000100111011101110111010001100110000000111001111011111010
1100000110011010001110100100111000001000101100001001111011011111
1001110111000100111101100010011111000100011111001011010000100101
0110001011111000011011011001001010111010100110100100001111001111
0111110110001110000101011101011100000111000100110001101100011011
1110010011101010001010001100111011110111010010100011000110011100
0000100101100010000111101111011010000000000001111000100110101111
0001010010001111110101100111000101100000011010101001110000011010
0111000111001011010000110111000100101011000111100010011001010000
1100001001011101110100000010000000111111011000110011011001111100
0011010001011100011101001001100100011110001001110000000001000100
0101100111001100100111100001101010100110001101110010011011001110
1010011010011111010011010100001110010111000000111011000111010010
0001000001100110110100101101111011010100110110000000110101010010
0010111001100011110111101011111100000100010011000100001001001011
1000101100010011011110001101110000110101010011011011011110011101
1111001001110010000111001110111010110010111110001000001010101011
0111010001101111000010100111100100000101110001010010011111000011
1110101101110100111100000011101110010101001110101011100101110110
0011000101101110100001101101010100110111101010000111111010110000
0110011101001100110111110110010100010101010000101101101110110110
0111101100000101111010010110111101011101011010110101000111010100
1111001110100100001111110100111101100100011110100110101000000110
0001100010101110100010000110101011101100001110101011001111010101
0010010001101110011010000000101111110110111001000110000001011110
0011000010010001011110011100011101011000100100000010001000011110
1001001010111000011010011010010110000110101010100010101000101010
0001100010111101110101011000011110101101100111101010011110111111
1001010001001001011001011001001110001001000101001010010111011010
1101000010001010001111110010011010010000101100101100100000101100
0111100010011011101111101000011011000100110111011111001011011001
1111110101011111000100010110101110000000111001101000111011110011
1000101111001101111111111010100011000111110011101111010110000011
1001010101111101111011001010011100111100101111001000000001101100
0101110111110010000010101111100100111111100111001110100110001100
1010111010101110111001100111010111010100111100010110110110111000
0110001001110011010011000111111001111011000000111100000001000111
0001111111100101110111110001100101010100110000011111010011010101
1101101110000100001110101011111010111101111011000111001000011111
1101000000110111011011111101000000101110011100000010001101111000
0000100110100011011011001111111111001110110110100110101010011000
0011000010100011001010100101101000100001010010010001011010001000
1101110100000000011010111110000011011111011001111011010101000001
0100010110111111010110000111010110100101010111001000111000100010
0001111011001100011001001101111111101101110110101010001010010111
0000111111000101110011111111110010011001011111000110000101100000
0000001111000000100011000101000100001110001001001000010111110111
1101111100111011010010001011100000100010010110100010000111110111
1100111100001111100001001110010000101000000110101010011000111001
0111110111011000000111111001101101001110000001111110000011111110
1110100110001100001010001000111100111111111110010000010011001101
1111000001000001101010110001101101100100111101010010111011110010
0101110001100000001001110111010101011110111111101010101011001101
1010000110000101111111010000011101110110000001001011000000011011
1000110000100000100000110010010101011110111010000001011010010111
1001010100010001110100000011101001111001011011001111011011101000
0011011011111001100000010011000010110101100001010101000010100011
0010010000111110010101011010000010110111000010001011100011111010
1010010011111000101010011001100101000010100100001111111100000001
0001011011000111101010000110010000110101010000101100101010001111
0101000001111110100111011101000110100110001100010010111001011100
0101010110101001101010000010011111010101011010000000011110101101
1010010000100010101100111001000000111110101000110101001111011101
0000100101100110101001111010000000001101100010000000010001100001
1101101011000110100110011010011010110100000000101101110000001101
1110010010001010110010110101111101101101001100001000111010101110
0101010010100010100111100011000011000010110011110010000110001000
1110011010111001011100110101110100100001100101001101111101100111
1100111000000110011111010111100110100111000011111000110101000011
1110111000110000001010000000101010010001110110000111110000110100
0110001110010111101110110000011000010001010100000101100000100000
1110011110010000001010001111001011111001000101100001000010011001
1010010000110010000000110111100011111110011111100000000101110000
1001110101000010010001100111010000100001100001011100101001011100
0110111101110101001100000011001000011001111010101110000101110110
0110100111000100001100001011010010000000011100111001001100010111
1000101001100100110000110011111100011001001011100111111111001011
1011111111011110011000001001111111010110000010110111000110001100
0100101001100000001100000111000101111011010110110011111100110001
1001110011010100110000001000110000010000110001000010001101011010
1011101011110001100011001111101011000001100111001111100100110001
0011011011111001100000010011000010110101100001010101000010100011
1100110000101110010000101101011100010111111011011111101101101110
1001100011100111001000000011011111010100100010100001010011110101
1111111111011000100000101111001011110100000000110001001111011111
0110011001011111110010111011011000000010011001110011110011000011
0000011011100101011110011010111100000101001001100100110100111100
1100011100010111101000101110001011011111111001011100111010001000
1100000101100111011011101111000100011110001100100010101010010101
0000111000100001110000100000110011010010000110011100000100110110
1110001110111111100110100100101100010100101111110010000011110100
1000111010010011011100111011010010100101101000010011110101100100
1000111110001110001110011011011001010011000011111000010111110010
1010011010000011011010001000001011101001110000001011001110101101
0111110100010110100011110101001000001101001100011100110110101000
1011100101011000100000011111011110001100010001111000101110010110
1000011001100101011000001010011001011100111010111100101101011001
1001111001001000101000111011110001001001110001000010100000001000
1000011010000101111100101110110001010110111001011001000110011011
1101011010101001010101100000101011010000110110100000001011110111
1100101010111100101010101011001000010100111111100010000101111101
1100010100000000101111010101110001100001010111000110010111001000
1011001111001110011011110101101111111001000111001111110110011101
0011001101000001100100010111101011101110101001110010000001001101
1001000110111111101110111100110010111011000010001111001011100001
0100101100000100100011101100111011010011110101011010001111110111
0011011100010101110000101000101110010011011101001100001000001010
1101111000101110011011110011010100111101110111111110010101110010
1000000100011101110110000000101111001000100001000010111111010000
1010000111011100101000000000001110111100010010101111010110111010
1000001000010111001011011100001101111110000100100011110101010101
1100110100100011101111110110111111101011100001101100001111110110
0101110010001001100101001110001010111010110111011111100000111010
0101000011110011101100001100010001111101100000010100001001000101
1011000010111110000000100101000101011101111110100010011010001111
0111010101001111100010101010000101001101111111110010100000111101
1010011110100011101110111111010001100000110001011010101011011000
1000000010011110001100000100011001111110000000110111001000100010
0100010101111100001011001100100000000001101110101111001010111101
0101010110111101110000000011001101101111010100111011010001010101
1101100010001010101000011100001100000111011001110111100001011001
0110000011100100011001010110111101011000010010000110010001000000
0111100011110101001111100101001000010101001010010110100010000100
0000111011001110000010100011100100100001101110100010000001100110
1010001111110010000100100100011001010010001010001111110101000110
0100110101101010000100000110101101110110010111100101110100000010
1110010001001011100110110110001010000010111111111101101110100110
1101011000000001000100111001010111101100100001100100101100110000
0001110001101100101100000000110010001011111111000111101000011011
0000101000001100111001000111000000110110011100001010000010101011
0110111000000010000001100101100000100010000010011111101110011111
0000101100011010011000001000111001110100100000110110000010011100
1111011101010001101111000101111110000010010111010111100111101110
1011000110010101110101000100111000101110111101010101011011111101
0101011111111100001100010000000011111101110101111110011111000000
1101011011110101010101001111110001111110100010110011011001011001
1010101011001001101001101110001010100000001111111101000100011111
0101110110011100001110110111001101001110010101101101101101110010
1100110101001111111110011010001010100101100001010111000111101110
0001011110111011010111100000100100011110011110101011110010001001
1111101100110000111001100010000000100001100001001010100111000010
1001101011110000101011000011100001001000010110100000100000101010
0111100011110111010011111000110010111101010101100000101111101101
0100100000110000111010110000110010100011110000100011010001011110
0001110111001011010001100011101010110111010111011100011011010111
1001001110000111011100111000110101100001001111000101110110110110
1101110110111000000100101110011111100001011101001000011111101110
1111100111001010010011100011011001100000011000111110100000110010
0010110001011010011101110101001101100111110101000011111001011111
1100010001111011100001010111011111100111111000001100111010001110
1101000001010011010010111101100010101110101011000110111011111101
0111111100000010010101100010101001001000100001111111100100101000
0010010001101110011010000000101111110110111001000110000001011110
0001100100010101010111011110100101111001000111110011010100110100
0010111010011110000011101100011110111101111010100010111000001010
1000011001011010000011110011111001011101111100110111000100100000
1011100101000010101001000110000111100011101011000010100010101100
0000011111000001010110110000100101110110110001001010100101010111
1001110000100010001011000110111110010101101011001011011001001101
0111010011000100100010010111100101011110111101001111110111111111
1000000101010000010000010011111010001000110000011110101010111110
0000100110001001110110001010011111111101100001010100101101100111
1001100100010001110111110111101101101001001001110111101000011111
1010111001010100101111110000111011100100000100110110011011000101
0100101011010110111000011001110001100000011001010011000101110101
0001111111100101110111110001100101010100110000011111010011010101
1110010000100101101000011100101001100110100001010001110100110100
0100000000011010011110011000111111110111010010101101010000111000
1011100010001010000011110111000011010110010111001001011010110010
1110000001101011110111100111101011011100001111100010010100010110
0001011000010011100000101011101110100101101010001110111010001110
1100011110110010100100000101011001101111011100000110000110100011
0101010001101011111111000110011000111111110110000101111011111101
1110010010000100001000000011001010010110110001110111110111000010
1100111000000110011111010111100110100111000011111000110101000011
0001100000000010011111010000011100010110001010010100011111001001
1001010110101101001011010011011010001101110001111011011100111011
1000000101001001011101011100000001100010101110000010111011101101
1111101010110100001110100000110011011101100101010101101100001111
0010101010110110100101011110111110111110001100101001100111010110
0101011001101111011101110001001011011101011001000111011010010010
0010011100000011110101000000011100011100111100101111100011011111
1110111110100110011011101101010111100000000001011100010101011101
0111110111111110010000000101001100010010111100111100110010110100
0011011011111001100000010011000010110101100001010101000010100011
0010010000111110010101011010000010110111000010001011100011111010
1010001101010101111010000010111111110000101011101110010100010000
1011101111000011001001100000001001101101110110101001110110010110
0110111100010001011011011111101110100001010010100101100101010000
0111000001010100101101000001111111011010001011101011000101100011
1101011001101011100000100110111011101011000010010010110001010000
0001001111000010010100100001100110101110011101101110000100011010
0001000110000100111010100110011010001100101101111110001110011010
1001000111000011001001110100010101000011110100011111100000001100
0000011111100011010111001111011100001110000111100000110010101101
0001001101011110111001001010100110101010100010100111110100011010
1011000111100101010011111011100110010001101110101001010101110011
1010111011110111111111110010101110100011110001011101001101111000
1111101101010010111111110100010001101011010011100000111011100101
0010000111001101101100101000100111001010111011011101001000110000
1010100011110101000100011110000101110100101101011010111011100100
1011100111101011010000100010111100101100110110011010110110000100
1110110110111001111011011100010010110010111001011011101001001101
0010111001000100001100101001101100011100110100101110001110111010
0010101100101000010100011000000011101110000001001111111011100011
0101111100110010000000000110101001000001000000000111011111001010
1011101111010100010000100010010010110001101010011111100001111100
0110011111011011101010111001000011010010100010100001010100110110
0110001010101011001101100010010001000001101000101001010010001001
1111111011000101100000011000000110111011001110001011111111110010
0011100100010100100100000111001001101011001110101110001111110111
0011101010010001110001101000110011000100011001011000010101011001
0011110000011010000000001101000001011111100000100000000111000011
0111111100100000001000111111110110111110101001110011011010001001
1010001111000110101100110010111110011010001011100010001010110011
0100111011100000001000101110010011010110100101011011000110010111
0010011000100101000010100101101110010110010110111111100010100001
0000111000100001110000100000110011010010000110011100000100110110
0100100101000010000011111000101101011110001111101011010011101100
0010010000010000010101011110011111000101100101101101100101100111
1100010111111111010110101110110010000100000000001111110001101001
1010011010000011011010001000001011101001110000001011001110101101
0111010111111011100100011001000010001100111010000011011011101101
0110110011111110100100110010011010011001111010100110111001100111
1010011100000100001011100010100100011101001000101111000011100010
1101111001110010101110001111110010011001001100110110100011000011
1000110110010100101001111011111101101000000000001110000001101001
0001010101001101010000100000001011111001110010100010110010101110
0000111010010101110101011010000100110000100111111100000101011110
1111001111111000111000011001110011100001111100000011111001010010
1100100111011000101011000100111110100100111101111000100100110100
1100111100101101100111100011011110101011000101011000101001011001
0100110101010111100100011101110011110110101110100100100101101000
1001011110000010000010111101001101100010011100111011001100010000
0010110011111000010001001000100001111010110101101011101001011101
0111011110101101101010001111011111000000001111100101111011110001
1010011010101001101001101000011000101100011110000111111101001101
1111001101100010100001101110110101100100010111010111110110011110
0110001000101101111111011001010010001010000001000110110101000101
1001001010111111110011001101111011101001010010100010000000000001
0010011001011101000101111111101000101101001000010110011011011100
0101010110011101001011010110011010000010011100100110010100011011
1101101001111111100101101011001011000010010011101001010110000000
1011000110110011101110000011001111010101100101001001010011000011
0111100110001001100101111110101010100100111011111101001000111011
0010110010110110101010101000001110111110100101000110010101010110
0010010010011101000111101100110111000100000100101111101010011010
1100100000110000100101000111010100100001110100101011010000010010
1011010011101110001110010100000000010100100111011100101000001001
0010111000110100111100111000000100011011001001011011101101010011
1000111001110010010110011110111001011001000000011100001010000100
0101110101010010111111110100101110111111000000110101010001110011
0110001110100110001101101000001000011011010101101011000010111100
0101010010101000000011101110000101000100101000111101110111001001
0101111001101000011001110000011111100001000100110100011110100001
0111001101110010000100001100101101111010100101110000111010001010
1110011011100100101100001011011001101100111100000110011010101011
1011110000101000101100000111001111011000111011110011111011001110
0101111101111101010101110000100111010101100100100010010110100000
1001011011001001110010100100000100110110110000111110111011101001
1111111111011100101100110111011101101111011111100100110111110101
0000010000011111110010110001111100010101001010110001010101111101
1011011100100010001111111001110001001100011110100101010110111011
0011100100111000011101000001000001011100101101010110001000000111
1001101100001101011100011010001011111001100000100100111100000110
1110001000011001000110011000100110001011111101100000000100000101
0011110000011011110101001010100011111101111001111010001001000000
1011010110000111101100010110111111000111101010010101000001010000
1111100011011011011010000010010110010111000001001001101010110010
0111000110100011110100100100000111101110010010011011100010000011
0101110110011011011001101100111110101110110101101111010001110101
0011100111001101101111101010100001000011000101111110000111110111
0001010110100100010110100100110011100100001001000110000010001100
0101001001000011101101110100010010000000010101110100001001111000
0110100101011000000000100101111101000001000011010100001011001111
1111011100010110100001000011100000111100001000110001011001110101
1010010001010000011100101110111011000111010111000000101001001011
0000011100011010100100011010001000000000000001110011101110011001
1101000001010011010010111101100010101110101011000110111011111101
0101011001111000110101110011111011101110110111100010000100110010
1011011011011000010111101001001011110110110001011101101010001000
0011010110001101000011001010001111111101100100010111111010011011
0110110100110001111011000011101001001000010101001001011110101101
0110000000111111011101011111100000011000111100011101010001011010
1011010100100110100011011111010111010011001011000101010110001110
1111010011000010100101100010110011101001010111101111101001110101
0100110101101011010111000101001111111100100111110110100101111100
1100001111000011011101001001001110100101111000101001000111100101
1100001001110001111001010100000011000101010100001100101001111011
1000001000000001000001111000011111010001000000100000011001111101
1001100110000111111100000001000101100111000110100111100101110110
1011100101011110010011000011000101011100000010101111110100011100
0011000111101101111110100100011111101111011111100101111111001110
0010010000010000111011011110011111101000110101111011100101010010
1110100010100100100011011111000100100010111110010010111111101111
1001010011000001110100010111010100010110101110001011101011011011
0010110001001010001101001000010110111001101001101100011101100011
1000110101010101100001010001100000100101101110110110000111100100
1001100011001101011010000100000110000000100011101100010010010001
1011000001110010011001000101111000010000100001010001111100010100
1001110101011010010100000101111100010011110111100110000110100101
0001011001010101101000101000010111100000100001110011111001010101
1001011101100000111111101001001011110101100110000000100100110011
1100111010110011111110000110001010101110010100110010010111111001
0110001011101001011010111010110010101101010011100111111010000100
0101111010011000100001101000111101100011000010111001100101110110
0111100000100010111100001001010000010101100001000110011001011001
1101010100111110101000101111001011101100010110001010111011011101
1001010001011000000001101001100010000100111000100011010110111011
0100010001101000110101101101100100001101011101101100111101000011
0111100011111101110111110000111100100111110111011011000100011101
1100001101011101101110101001100010010101001011111101110010110111
1101010011001011001111001011101001011001111010111101111011011011
0010010000111110010101011010000010110111000010001011100011111010
1100011111101000111111111110010010011010010111110010100011101010
1110010100001000101100000001000100010010110110101011000100100000
1111111000010001111101010000001010101011001100111001011111010111
1001110010111111100001001100011101010101011010111101100101011111
0100000110000110000011110111000011110011110011101001111111111101
1100011110000011010010011010111001101100111101001100100100101010
0101001101000101011101011101100011001100111011001000010100011011
1101110110000101100111001011000000101111000010100000100101110000
0100010001000001101100101000101001100111101110110101011001011111
0001100110010110100111100111101000110011101110000000111111010010
1011000111100101010011111011100110010001101110101001010101110011
1100011100111000101011010001000010101100000001111100101001100000
1100000001100100000010011000110100001000010100000011101001001001
0010010100111111111011000100110000000011100001000011100011111111
1101001001100101001110100100010101100010101101100101000111110110
0000011000010110100110100001100101001010101001101100000001001011
1111000101111001100111101010110000111011001000000010010100000110
0011010110010001101011111111000010000111110001000111101011000101
1010000000011100010100000100001111010001101000000110101110101100
1110010010000100001000000011001010010110110001110111110111000010
0001101011100001011110010000110110101100101100011011011111011010
1101010011001011001111001011101001011001111010111101111011011011
0011100111010100100101101010111100010100001101111110010101100000
0100100100010010010111000110101010011101101100000010001101011001
1001110010010100000110101110010011101110101011100111101101000111
0011110010101000001011111101001110000110110100010001110101001000
1001101000111010111001010110000101111000110100000110110100011110
1001010100001100011100110011101101111110111110101000101101010001
0001111000110110110000110010010101001101110111100001010101110011
0101110101101011100010110001101100110011000101001001101001001001
0010111101000101101110110010011111111111001111000111011001011101
0001010011010000010001111100101000010100010001101111011000111100
1111111100110110100000110100011001010001000000010010011101011110
0101011010100010101100110001101010111111001000011110110111100010
1010010000000111001101110011111100110000011010110000011000011001
1010011010000011011010001000001011101001110000001011001110101101
1000101101001000010111000000101011011010010111011001001000100001
0001100100100010011111000101000010110000111001000010011100010100
1100011111101110000001000000100010100101110111101001011001011010
0001000100111100010000100000000011111011010111110011100100110111
1101100101010010101011110111110001110101111100010100110110001011
0011101111110000001110011001110001000010100100111111111010000110
0100110111101011011111101101000101110100010001110001111011100011
1001100011000000110110110000110011100111011110100011011111001110
0100100010001001111011100010110010010001111001101010000011011110
1100001000011010010110100110100100010110011100011110100110110101
1111000001111100100110100010001100100000010111001110010100110001
1011010010111100000110001111110111100010110101111110000110110110
1110111101110100100001111001010111010010100011110011110101011110
0111000011011001001011101010100010000110010001011100100001001001
1001011011000111101011101100111001101000111010011011001000001010
1000100010100011011011001000101010100111101011010110100111100101
1000101110001011001110110100010111110110000010101000100001101100
0101101001101110010100111011000101000011101010111011111101001101
1111101101111010000000101000010010101100000110111000001100111001
0111000100010011000111001001110010110001100110100011001101011001
1000000111110011001110011110010000100100111111110010010101110100
0000110001001100011111011011000011010000011100000110000010100101
1001100101110010110100011001101101001000001011101000111100010110
1001000111011101111101000111100110101001110110010111100000101101
0111001101101001000110000100101110110011100010010110001110101111
1011010011100001001101000000011110000100100110000011111100010001
1110101011010101110110011101101110100111000111101100000001011010
1001101010010100010100011001010010011101000110011001100011000100
0110111111100011010010001111011001011011101000101101101101000101
0001000001001110000000000111000100001010100100010110111000010001
1011100111001111000000101110111001100000011010010001111011111100
1010010000000010101000111010001000100001100101111101100110001001
1010000000010000011101001010101011001001111001101001101111000000
0100010010110011110100000000000001011111011100100011000111111111
1101110111100110001111010110111000111011110001110110010001011100
1111001010101101000101010101111101000010111010000111011100100011
1010000111101110000011110010011001100000100100110111010100111011
1111110100101011001010111111000101100010011111000000000110110101
0100101010110100111001110000110011000001000101001100000001100011
0000111000011110111110000010110000000000010000111100010001001000
1100000110011000111001110100111111011100101011001011101010101011
1011111001100101001000100111011110100000010101011001100010001001
0100000110111100111101001010101010100100011110010111111000101001
0101101100010101000011100001100000100110101001000111011111010001
0011000111110011010010111111010110111001111011110110111110001011
1001100010111110101111011101011010010100010010101100000111011100
1111100011011011011010000010010110010111000001001001101010110010
0101110000101110111000000101011100111111010100110100111000000111
1001111011000000101100101010000100000101100010101101111100000111
0101010110110100110111000011111110011111111010000110000101111111
1111000100110100001001001001000001001111100101110101000011110010
0001000000010111100010111000100001101111000000100000011100010111
1101111111000010011001011111111110101001010011110001000010100110
0111101111100111011111000001011001101010011110010110011011100001
1010010001010000011100101110111011000111010111000000101001001011
0011100101000100100001011111010100000101001111100001010010100110
0010000010001100010000000101011011011000110100010110010101001101
0101101001000011110101010111010101100100101000101110010010110010
0101010101000011111001111100101101110001101101101001101000010100
1011100010011010000110011101110111000010010110101110110111010101
1011101101010111100010000010100111000111000110000100000010110101
0100001001110100001110100000011010001100001111000111110001101101
0001110011010100110000011011110110001001101001001110001000001100
1010001010010011000011010100101101101101001110001001100011101001
1010000111101000001000010110001111100101000001100010000110100001
1000111011110010101000101101110001000100011111100001001001111011
1000111111011110000101101101000111010000000010111111101000100111
0010110101111011011010010110110010110110111011101100011101100100
1101110100000000011010111110000011011111011001111011010101000001
1100111011001110011101000100011011010110101111001001011110100001
0001000111000111111000100101001101010000100011111100101111110011
0010010000010000111011011110011111101000110101111011100101010010
1000110111000010101011001111000011101010101010000001111000001110
0001010101011111100010110000101101101111110011111001110100111110
1110011111110100100110110000010100000111011100110101110101110001
1000110101010101100001010001100000100101101110110110000111100100
1110101001111111101101101101000111100101110000001011010111010000
0111101011001000000011010111010100000101001000110111001100110000
0000101000100010001000010011000110110001100011111101111011011100
1001100011100111001000000011011111010100100010100001010011110101
0100001000000100000000111100010000011001011000001110110010011011
1110100011111100111111010100110000000100110011101010111010110010
0001000100110100111100001110100000110111100011111101110101011111
0001100000101010001001011111010001001101100001100111100111001001
0100001110011110110000001000011000101101110011000000101000111101
1101010011001011001111001011101001011001111010111101111011011011
0101101100111111010111111011010011111111011100010011001111111011
0000110100000100100011101000000000100010111010100010111000001101
0011010000110100110100110010001011101111101000101101101101011010
0000000000111100001111100101111001001011111111101110110001010101
1101010011001011001111001011101001011001111010111101111011011011
0110111000001011100101011000111100111000001111010010010000000011
1100110100011110110010010100101000010000010010111000111000111111
0101100011100011001110010001011111010101101101100001111000000111
1011111111010001000111010101110011101100001011110011101111100000
0001110111111000110001111101010000001000100000010110000101011010
0111001100101000010010001011011100111000000001000100001100011111
0011101100011100011010100011000101001001110001110010110001110101
0100010011101001110101010101110100110000011011001111001001001111
1011110011101000011011010000000000010000110010000001011010110010
1111011111110100100001011100011011010001111111111111100010011100
1001111010101100000000110101010011000011010010000010011010101111
0011111011001010000010110101110111101110000010010101000101000110
0110110001000100010011011000001001010101001010011010011000011100
0100111001000001111111100100111010010111100000100010111111101001
1101011110010101101100011001000001000111010010101101011000101111
0010000110000011100111000011100001101101000101000111000101011100
0011100000101010000000011101001111011000001111111101010111100010
0011111010111110111101011010100011111000100010000001110001001011
0011011111001110000000111101011100001100001000000101001111011001
1101101110101100000001010100111001001001101011101011000110101110
1011000011100011011111111011001111001110000111011110101000001011
0001101011100001011110010000110110101100101100011011011111011010
0101110110000100001101110101100001001001011100011100010010110000
0011001100011001110111100011110001001000100110010101110101000101
0011000001011011010000010011100111011001110110011101001000110110
1111101010110111101100111011001000111111111111110001001110010001
0110011001011000111000100011001101001010010010110011010000111101
1101111000011011010100100000011101001101101111010010010110011110
0010110110001000010000000100001100000001011000110010110101100010
0101100101101110111010000100101100101100110101010000111110001101
0111111000111100011111101000101001011111101100010010010101100010
1000001000011011110110100011000011010001111010010010101111111111
0100011011101010011010001010110010010101000000101111001101010111
1001100011111010101011101101000110111100010101110011101100000110
1000011001100101100111100000101111011000010001101000100111110010
1011001011011101000100101111000110011110101110101100010010001100
1011011001110110101010010001110011100111011000011101111010000010
1101000110001000100111111101101100010101110011010111000110000000
1010110010110011010100000000001010101100110100101001100011100011
1100011111101110000001000000100010100101110111101001011001011010
1011001100111110010000000011100111001110111010101110101111101011
1000100111001110100000100010001001100011011010010110110011011000
0011000000110101000110100110010100010010110101010001010110100101
1011111110011110110010100010100011001111010101001101100100001010
0111011100011000101001000101011101110111110011000100101111110010
1110011001100011101101011100010010010011110011100000110011110010
1000101111101000011110111111010000000011111111010010101000111010
0101011110011100100011000001101101100100001011110111110000111011
1100110110010001101001011011001010011111110111000010110010100101
0011110100000101001110111100101001010111110000010001010110110010
0011110010101110000001111011111011011111000010010010101001001111
1110011011111001001010101010110001110011101011000011101100010101
0100010010010000010111011000100110101011000101110000101111110000
1000001100110000101010110000101111101101001000001110111110001011
1111101000011111011011010110010101000110000100100100100010010010
1101110111111110011011101010111111011111000111010101110010010011
0100111000001100011001100110101011001101011111100011000000101011
0111100001111010110000110011101000111001101100011111100111010110
0011000100001001111010100011110101100100001101100110010111100111
0000101100000101111110100101011101001100000111100100011011101001
1100101011101111110100111101001001100011111001001101100101110011
0010111011100000101110110100110000111010000100110111100001011000
0100101000101001011111101101111000011110000001101100100110011011
1000000001111000110110010001011011101110010001110001000111110000
1110010110011000000111101000110011010101011110011100000010111101
0111110111011110000101111101011010001000110101000111000101100011
0011010100101010010001110111101100001000110101001111011011100011
0101010111100101010011011111111111011101101001100001010100111100
0101001010111110100111000010000001110001101110011010110011110000
0100110000101000011110110100011110101000011110011100101011001110
0011110011101101011100101101010100101101101011110001111001111100
1110011111000110000101101111000001111000110011000101010101011110
1010011110011100100100001000101010000100010010111101111001100001
1100001101011001001000100111000100000000001001011001011101011111
1011000010110000001100100010000001110011011010011110000101101101
0111011011001101110110001011100101100101010100001100101010001011
0001111101100001110101001111010010100101110110011111010110101011
1001101100001101101101010001111101011101100010100110110110101100
1100011110100011011110110111101100100011100111100011000110101110
1111101010101111110111100001101101110100011100100100101010111101
1010001011010111001000000110011010001110000010000000100100110101
0110110111101111100001111110101001100000110000100100001101011010
0110100010001111010010001111001110111011001011111100111001000001
1101100000011111101101110010001111011111111111000110100000010110
1011010010001110011110110110011000011001001010111010111101001111
0111100001101100001100000100001010111100101001011110100100111100
0010001111001100111001110111101000000010001111101001110000011111
0111011100011001001001000010010000010001010000001100000110011100
1011011100111110000001101001110110101011011101110101100001101110
1010110011001001100100010000101000110010000011001110001100010111
0010010111010000101110000001001111011101010101011110100010100100
0001100010110001001110000001100101010010010000101011100101000101
1001010001011100100011111010010110110110100000110111001110111110
1000101100000001110010000010010111100110000011110011111110010110
1111110000100011101111111100001010100001011111010101010010110011
1000101111110011001101101101011101001110000011011100011110001010
1011000010010111100010111101010010010000101100101101101101110010
1001100100110101111010000110001101011100011010000001111100001000
0010100111010011100010000011101111001111101101110111010110110110
0010010100111000001011010000111011111101111101010110011011111111
1110011111111111011100011011010010011111111010001101101010111011
1011111111110101000101101001100001100010110100010111111110100011
0010010100011101101011001111010001011000100011011001011100001010
1010000001000001101011110011100110001100100011010010001101110111
0100000000110100100010011010000100101000000011001010100111101100
1011000011100001001100101111001000001111000010001111110010001110
1110101110011001011101110111000000110010111100110100101010001111
1011001001001001000110001000100001110100111011101101001101010011
1001010011000011100010101111111000001010001110101000110001001101
1100100010110110100111010010000111100101100000011010101100010010
0110001011001110100100010101111111001001111000000001010000101111
1001100110000010010010110110011110110100010110000010001001110100
0010001111000101011000111111001001000000110011111101000110000111
0011111100110111101100010111010011001111110100001101111000011011
0010000111100010101111101011110101000101100111111001100001011011
1011000011100001001100101111001000001111000010001111110010001110
0011111111011111111010101001100000111001111111001001100110110101
1011000100111111000101111111010100100001001111010001110010011111
1011011011111110011011000110100010011011000011001001100010001000
1110110110111110111101011000011100111100101101010110101000111111
0010011000110101100111110111000001000010110001011110011011011000
0111111000101011010010111100000000011000001011101011111100000011
1101010011001011001111001011101001011001111010111101111011011011
1101010011001011001111001011101001011001111010111101111011011011
1000110010110001001111011101001110010110000010011011100110101110
0100001010101000111111000100011100010001110111101101111100101100
1000011100100010001010010000110010110011101100100110110001000010
1011100001111110101000000011100001010101000110001100001101010000
1000110000000011001111110100111000100001110100000000001001110111
0100101100010101000100100100010111101100000110000011011110000011
0101001001111010101000000111001101111011100011110000010111111000
1000111111000000100110001100100101100010100101001011111110100001
0001000001011101000110010101101111000110011110111100010001110111
1011000111000010111110101101110100100110010011100110001100111110
0100011110010010011110100010101111011100011001010010010000101000
0010101100101000010100011000000011101110000001001111111011100011
0001010000111010101010001011101100001010110010110100001111000101
1001111100000110110000100101000110110110101100011100011001110111
0100101001100000001100000111000101111011010110110011111100110001
1001011101111101110100011000110110100110001110001101100010101110
0101111011101100001101011011001101100000010100001100000011001001
0000000110011101011100101000101001110100110000110001110010011000
0100100111010100110100010111101010110111010111110000111111000110
1111100011001000001100011100100100000111001111110000111010011110
1110100110010101011100101011010001101100110101111110100110001101
0001101000010100100011001101001011101001100110110100001000001001
1101010010010010110110001010111100011101000101000010100010100000
1101100000111011101111111111000110000011011011001110011000000100
1011000110000010110000010101101111101111001010010010111011010111
1001011010000001111000110111111110011000011010100000110111010011
0110011111011011101010111001000011010010100010100001010100110110
0010101101001110101000011010101001000000110001100111010001110001
1101010011001011001111001011101001011001111010111101111011011011
1010010001000110000000000001110100000011011100001101101101111010
0000101010110100010101111111000111110011001110100011100010111001
1101110100010111101010011111100110111001011010111010110000110010
0010100100011100001010000000010101100100111010011110010111111101
0010100100011100001010000000010101100100111010011110010111111101
1010011010000011011010001000001011101001110000001011001110101101
0100110100101111010111110010110000011100111100100001001101010000
0000110010000111110101110011110110011001010001100000100000011010
1110001010011010110111010110010111110101011001000000110010010011
0111111110011011111000010100110010000010010001000011011100011011
0011000111100111101011111110110011001111110000111001010010011000
0101000010100111101001110010110111001011011000101100110110011010
0110001000010001010011111001101000010000101001000000110001000110
0111011001101100011111011110110000101000011000101111100001111011
1010010110001010010100111111010001100010001110010010000100101011
1111010001010001000101011000001111110111010100001010111101001111
0110111110110100100001101011011001101010110011100110011101010000
1000000010011111101110111111101000101001011010010010100011111011
0011111010000101000000101101111111000100011000000001010010001011
0101010010101001001011100100001100001011100110110001111110011001
0001110101101001000010100100011100101110100110110000110010011010
0100110010100111010110110101111010101110011100000111110110100011
1011110100001011000100011010101101011001100010110110100011100101
0111111101101000011011110101101001010110101110101111110001000000
0000101001100101101110000100011100000100011001110100101110001110
0011101110111001111110000110100110001000110111110001011101011000
1000100110100100011101011011100011100100000101001101111000001000
1000001111000100100101111001001101111010101111010001001001011100
1111110101110111001011000110101111110101100111011100101110010101
1110001100101010100100011010110100001000110010111111101100111100
0110011100010001010111000000100100010011110001000100110110010110
1001111000000011000100111010111010110010000000000100100100100111
0001001010010010011101110100110110001110011101101011100000001001
1111110111001001000111110101001010100000111111100011101101110011
0111110000010111011001100011101111101110101110101101000000000001
1011110111000010001001111001101110101111110000100001000000001100
1011101111111101100100000010111101110110001001110001101111010100
1100001110101101011110010110111100101000001000101011000001111001
0000111001110100010110111110011110011100001111011111001101000000
1000100001100110001011111101110111101101001001010010010000100000
0001000100010111010111001001100011101111111101001011010110010100
0000000100110111101111110011100010110001111101000111100110111010
0110000110011011010101011101011110100101010000000000010111101111
0010001000000010010101000101001001111011100101110110101010101110
1011001000001010110111111010110100011000010101001011010111000000
0100000111001111000011110001000000101110111000101011101111010001
1110000010101101100001100100001100110101110101100001011110000000
0101001111101001011001010010001100101101110101001000100010100000
0111101011010110110001100100000100101110001001110000100001110100
0001001010110011001111111010011001100011011110010010101110101100
1110001000011001000110011000100110001011111101100000000100000101
0011010101111111101010101011100101010011001000000010111011010010
0011111111010010101001101101101001010011001011101000111000001100
1101000010100111101000000000111010100101000111100000110001010000
0011001101000111001110001011011101011101110000111000010010001110
0000110000111011001010111101110110000100011111010010010111110010
1010001010011000000100010010000001110000000010011000000010110001
0111000100111000111110101010111101111110010001000111101010001010
1010001010111001110101101000111001001101000000001000101100010001
0100110010001100101110110011001101100100001001100001000111010110
0000100101111101011100100100110100000100100111010100011100100011
0001001111011001000011100001001000010101111011011010011011011110
1110110110111010000100111010100000000111001010001011111000101110
0101101111000100011100001011011110111010010111110101001000111010
0010011110001010001101000111001101001111111010000010100101111001
1000000001100111001111110111000100110010110000001110001110010011
1101010001010011001111010100010010001000110110000111011110111011
0011011000110110111010011101101000111011111000101110101111110000
1000101001001100000110101001001110011101111110101001111010010111
1110001011111101011101000000010100000100100010010111101001101110
0001001010001000100011011100111000110100110110111000011001011101
1011100101100000000101101010101000100101110101110010010001011110
1000100001010101010001000000000100011010100001110001010101000110
0011110001100001010001111011000000001001111011011011000110111110
1110111111001010101000111011101110000001000111110101010110010110
1111101010001011100010100111111101111000001100110000101100011111
0101101000001110100011010001001011000000100001000010101000000010
1110010010101111001010011111011000110101100101100001110101010011
1010011011100001100000111000110011011010100001110110000111111001
1111101101001001100011110110011011100100101111010101111010010110
1101000111101011011101011010110100100011110101110111010101100011
0001001111111001010000000000101001011011001011001110000111101010
0000010010101100011000010111011001001110101110111010010101111010
1101110100010111101010011111100110111001011010111010110000110010
0100101111011011110111111111000110101001000010110101011000101100
0110100011101010110110001010011101010010111010111011100010110100
0000010000111000110010000000111101100000100111011111110010001001
0010010100001010101110111001111010111000110111011100110000011100
1000101010010001001110111010001010011101010010010111010101100011
1010001010101001111100111010111111110010000001000010100111010010
0000000110010110011001011101110101100110111010011100100000011011
1011001001101110010011111100000101010001101110100101100110001001
0100000100000110010100110101000101110010011101001010100101101111
0111011010010110101000111100111011000110010101000010010011010100
0010100100011100001010000000010101100100111010011110010111111101
0101101101111100011010011101011110111101100000101011101000101111
1110000111111011111110100010101001111111101000110000111110010100
0011100100010100100100000111001001101011001110101110001111110111
0100111001011000110101111010111111100011010011011000010010001111
1000011110110110011101101111101000110110111100001000000111111001
0011110000101011001010101001011110001001100111100000000000110110
1100011010010101100101110010010110001011000100011111101010010110
1100010101000100001011001111110000101001111111000111000000001111
1011100001111110101000000011100001010101000110001100001101010000
0011100001000101111111001010100001101111111001000101111110100000
0100010011011000001100010011010001010100100011001000111010111011
0101010010110011001000111101110110001000110001000001011100100101
0100010011100110010101011000010111111111000111110011100111010000
1010110001010101111001101111111101011010011000001001010101001011
1010000100101101011100100101100110100110010011010111000101011100
0010010010101111110011001000111100000101010000000000100011001010
1110001110101100101110100111011111011010001110100100000100000101
0010110101100110001010100011100011001000011111001110101110001110
0110010101101101100011001011101100010010110111001001010011111010
1110001101111101001001101111000110110010101010001101000001010110
0110000000001110101100011010011100110000110010011011100110111110
0011000011001001100001100001001011000101111100000010111100111001
0000001000111111101100000011110010000110100100101000010011010111
0100111100111001110011100011011001010100011101101000011010110000
1111111011001010110101101000000111110100111010100001000011111011
1011011101110010011111100100100101000101100110100101000000011010
0010000101100010011100111110110000010100011011011111100001110001
0101010010111011010011100000011000011011000101110101100101001110
0010010000111110010101011010000010110111000010001011100011111010
0001101011100001011110010000110110101100101100011011011111011010
0000111001010001100101011010010000011010110100010011000010011011
0011110110001001011010000100001011111010000011001011110010100100
0010011100111001001011111000110011000100010101000101100000101010
1010010001000110000000000001110100000011011100001101101101111010
0100001011010111011100010011001111101111111010100011101000101001
1110100000110111001101101110010100010110100001011011000001101000
0001000101101001001100011110011110110110101011001011011110000111
0001100000101010001001011111010001001101100001100111100111001001
1011101010011110100110111101001011001101101011101001000111001000
1101111110111100011111111001111111011011110101101100100110111000
1011111011101111101110101011001001101010011110110110001010111000
0000000111101001111110000111011001011000101110001101111100000110
1010011001011100011101010100001000011001110001001101110001110011
1001111001001100100111011110110011101000000001111001010111101010
0010100011100010000000010000100100110101011000000000010010111000
1111011000111101011101010111011011100001011011100000001001010000
0011110001010000001101101100001111000100000001010110010100010011
0100010100100000010011111010001101111110101111111101010110101100
0100100101000010000011111000101101011110001111101011010011101100
1011101101010010000011001001011110100101110010100101000111110110
1011011001100110001110011010100010110000001111101101001001000110
1010111101111010101010100000010101011111101100111111101001101001
0110101101000010001100001101111011110110010011001000010111111111
0100101111100101100110110010101001100101100110101011100101110000
1111011010110110100011111011011010010101110011011100010000011111
1011011000111000010000100110100111000100111010010111011010011010
0110100011100110100011010000000100011100100001110011011011010100
1110111110011100110110001011110110000111111101100010111101110001
0010011100101010001000100110000100001001001000001011101101001010
1111010001100110001001000010100000000001111000001101101100001000
0011000100011010001111011010101110001100010011110001100011000101
0011011001011101011000001000101111100000011010000111011000110101
0110110011110110010111011000111000111010000101111110110000110101
1010000101100110111001001010101111110110001000000110100011111010
0111010100111010001000110010100000111111101100110111000111001011
0000111011100000011011101111001010011100101101110111011110001000
0001011010101000001011001011100100010011000101000101101100110001
0100000011100111000001000001110011111100010101001001001000100001
0000010101001001001001110011110100111101011011110100010100000011
0001001101001110100001100100000110101011010111000001001000100100
0001010110010011101101101111110100101000000000010001010101110100
1001000111001001100101010110110111010010100010000110001010101101
0101111101011001010001110100010001101011101010001000101111100011
1101001100111001100010110010110000101110010111100110111010111001
0000100101011110010010110001001011110000101001011101001000010110
0011110111001100011001001101100110100000011001010000110010110100
0100100111001111111100001101000111001110000101000000001001011001
0110110110101001101111110000011011011111110100010001111100100101
1111101101010011000011011010010111011000110011100010111010101101
1111101100001011001001001000101101111110111101110000000111001111
0101001110011101010101100001110101001000010100111100100110010010
1101111010101010111010000101011010010001100000110001100100100101
0110001011010011110010110100011111100110110110000010110100011111
0111111000010010000001110100100100111110101100001100110111100100
0000000011011001010101001100100111011100111010001000101101111101
1100101001101011000000001000010010010000000110000110010101110011
1010110101011100101000001011100000010110110001011111000110110111
1001100101111011101010000100010010011110000011001001010000010010
1001110111011001000011001110110101011000111010101011011100101000
0111011101100100100011011011010100010111001010111101001111111101
0001100100111011000110001111010000110100100111111011000011100100
1111101010100010100100101010100011001111110000100101100010110100
1001010001010010100100111001101010111110000100101110110000101101
1000011001100110000100000110001011111000001011001001001111110010
1110000001101110110010110110010000001000010101000011101010010010
0100101000010110110110111110100101100101110110101111111101011001
0110011111010111001111101001011100011001101010100001111100010111
1001111001111111000111000001101000000000100101100100100101001101
0011011101110100111001011011101111010101001010011011110101101000
1000010100000101001001011011001010011110010000110101001111000011
1010100100010011111010110000001010110100110110011100111110110010
0000011110111001111110100100101010010001111001101011000111011010
1110001001111110010100000001001000110100110100110000110010100100
1010111010110110010100110011111011001011100001111000110110010100
1111101101110110000000100010001001110100000111111110001010000101
1101011011010000101101111101010001110110010001111011111010101011
1000010110011011111100100110011001110100100100111101100111011010
0001001110010010111111000011111111101111010010111010111011011111
0111001010000101100101010111101001001101110000100110110000011000
1100001110010101110001010001001101100101010100111101001001001000
1011011100000011000100010011011111011000010001001011100101001111
0000001001011000100110001001100110011100010111010100110010111111
1101010111100111110000011001111010000100111010010001110100110001
1101011110110000110101111110010110101110001100110001000111100011
1101110100000000011010111110000011011111011001111011010101000001
1101111100101100010000010111110100101111111100111101001000000101
1011101101101111111011000111100001001111010001101011110111101111
0010011100010000100111011100101001010001001001111011100101000000
1010011000011000110100001101110110001101010110110010111111101010
1010001001101111110101001101111110101011011100111111110000001010
1110011100011001001011001111100100101011001110001110011001000000
0001010010111000100110010111111000000100111010001011001011111000
1101111000001000001100101101100111111010111010011101100001000111
1001011001101000101001100101100101100100101011000110101010011110
0110111110110011110110011011111010111011100101111110111000000010
1111101010110111101100111011001000111111111111110001001110010001
1101001101110111001011001010111110000010101111010000110100111010
0101110000010000110101001110010111110010110000011000010010010110
0001100001001001000110100110011110111001000110010001011111000100
1001010100111111010110011011001000100101100000100110111110101001
1111110010001101111101110000101011000100100001110010100010111001
0111010001101000001000111011101011010010100100111011110111010000
1000001001010001100011001100000101011101110111010100001101010110
1110010010011100101100010011011110110010001110111100001100101001
0001111100101111111000011000011001010010000010001001011010010101
0001011101100100111011011011110100001011111110111001100001100011
1001101001001101111111001110001001011101000111011111010110011100
1111110010001110000001011011001111011111101101010100110101011011
1010100110111111001001110000011100010001110111011100111001001101
1111110010101011001010111011010101111010001101000101101001001000
0010111111011010001011111100011001111001011101001001000000111101
0111010101101111111100000001111001000001000110001111110011001110
0100001100000100100101001010011000010010011110011010010111011000
1010101001110010001000001000101101011101111000010101000001011101
1011000101101010011100110100010100100001011100101001001101111001
1011010000100010001100011110110001001001011101010100011100001000
1010100000101000001010101100101110101110100000110100111101001000
1111111110000011101110001010110010000101101111001101111111000010
1001100010000001100101101001001101111100110000111100000101000111
1000011001111111110011101010011111110101100110101111000011011001
0111001010000101111110100010101010110010000001111000001001111101
0000010001110100011001010010110100001010111100110110011011100111
1101010111010001011110001111100000110001001011101111100000001100
1110101001010101100101000011011101000010101010100010001001100111
1101010101110000100010000110001001101010000110000010110101010110
1111110001110000000001111000000111001000001100000010000000001000
0111001011000111100100001100101111001110111011011001010101001100
1111111011000101100000011000000110111011001110001011111111110010
1101010011001011001111001011101001011001111010111101111011011011
0010101010111110111111001110001100110100110000100100100011001010
0001011001111111011010111101100000111011111001010111101111111011
0001011001111110100000100111110011100111011100000100001101101010
0001101011100001011110010000110110101100101100011011011111011010
0100010000001001110101000010000101010101000101011100010101110100
0000010111101111111011000110010101000000100010010101001000100000
0110101111000010011101001001001010011100011101110011100000010101
0110011010001101111111010101011000010011010100101110000011011000
1101100111000111010100111001100010100111010100011000000111110000
1111110111111101111011100101101101001111001000001010101010111101
0011100000001101100100100001000001011111001011101111110010110011
1100001011010101101010110111000001011100001101101010010100101011
1010100000111010010010000001100110110100011101000111111001001100
1000100010000001101010111100011111110110110100111101110100100101
0111010100000110001101101010010111011111001010010101100001011010
0110101010111111111000001100011111100011101101001111011100000011
0110101001011000010100100010110100110000000000011100011000000100
1010111100101111101010101000011111110101001110101110001111001100
1111101010011011011100100111010001000110101001110111001010010111
1101100101011111101011000111010001111000000101110110001100001000
0001111110001001110011000010101000010010101110101001011100000101
0100000101011011101001111100011100000100111000100000101000010011
0010011011110011110101011110000110001100101011010001000001001000
1011000011010000010001011100000010101001110010110010110010100001
0000110001011010011110111011101000010110111001100000110101101111
0100000000011000111111000001101100101100001011110010011100110101
0000110110101110001000000010001000010100000110010100100101000101
0111101110100000111100010101111011010010101001001010110010101101
0000111101011101111010011000000111001001111011110111011010010110
0110110000001111101000000010000111011101101010111100001110100001
0001110001010001001100100110100000011100010101101101001100010111
0101000111010100000101111010001011111111100000111000010010101000
0100001000100110010111001011100011011110011101101001111101110001
1110011100011110001001100000101010001110100001110111100110011011
1011110100001110110001001111000000000100100011101111110001000000
0011100101001010110101100111001110100011000000011111000011101101
0000000101111100000110101100110010110111001000111100101111001100
0110011110010110001000110011000000100011111111001010111000010100
0101010011001001110100111111011001010000100000101100100001101111
1001111000000001001011010010111010101111111011000101010010101010
0011100101000001110100111101000010100001110000111100000011001111
1010100000100010111111100110000111110010101000110010000111100010
1011100110110000011110001110100001001010000101100001001110010110
1110101010101110101010000001001100011111011100110001010011010100
1010000110001100111011011011010101000101110010011100000010100001
0100100111001111111100001101000111001110000101000000001001011001
1011010011110101011000001101111100010001011000001010101111001111
0000111011101011110100010110010101001111001011110001000011010001
0110000100010010110010000010001100101110110100101001001011001101
1000100110111011000000000100101010010000110111100110101100011011
1000001110001101000001100011010000110001011101101010100110000100
1001100101110101001110011110100101011001000111000001011100101011
1001101110011011100000000001001001110110001000010110011010011111
1110001011100110100100011000110011010011111111010001101001001111
0001110100001001100110011111101111010101100110000001111111101010
1000010001000000100111000101001111101000000110111010100110100010
1000010111100010100000110110001011010011000111100110011001000101
0111001110101010110100111101001010101111000000011101000101110100
1011111101100110100111011100101001001010010111010010000101101111
0010001101000010011000101101100111110100101111010011111011111010
1101111001101100001101001110111010110110010110000100110011011000
0000100100110110001001110011110001000010000011001011101100010101
1000100010010010111000100110111000001010000010000110100001111001
0111111001011111010100100001101001110011010111010100000111100000
1000101001001100000110101001001110011101111110101001111010010111
1101110100001011011011100011000111001001010010100010000111011100
1001100101100100000011101001011111101011001001111001111011011011
1110110000000011101000000000111011001100101110001010010001101000
1110001111111110011111011001001111110101001010010100010100100010
0101111111010100101010111000100011100011001010010000111101011000
0110010001000111100001101001110100010100010101110000001011001110
0011110101110110011110111011001000001111011101001010011000000110
1010001010000001100100110011011010100001111000100111000101111100
0011001110000011000100111000101100001111111010001100111010000010
1100101111010001011101100010100001111000100011001101101001110111
1111011101110100011011101100101111101010000010101101110111001001
1101111110111100011111111001111111011011110101101100100110111000
1100100001001111001011111110101110010101010001101100110111101100
0101001100011110111001111000100011000000001111010011111110110110
0001100000101010001001011111010001001101100001100111100111001001
1010000111010000011111100011110000101010000101110010111000001000
1110010011010100110001100111101100000001110010110100001111101110
0000110001100011111100001010011101100001010111001011011001110111
1100100110001010001001011111010100101100100011110011110111110001
0111100111100100110111000100111101011010010011100100011100010111
1011101101101111111011000111100001001111010001101011110111101111
0100101000111001111011111111100011011110100010101000011111000010
1100000101101111010100010010000111011111100000001100001100110010
0000101000001000110011111000011111101011110100110001111011110010
1100100100100011110110001000000011011010101010000100011011011110
1111001110010111111110001101000001110100100100000101110110110101
1110100000000100000010001000000001100011010011111100001010100101
1011000011100001001100101111001000001111000010001111110010001110
0111010101001100100100100100100010100000111101111001000111110011
0000110001101000101110110010011010110000000010001010000101010010
1101111111010111110011001001111111100110011011111010000011011111
1000000000110010011010110010010101000101100010011000101010010010
0101111011110001011001101110010100010100101010110111011111100100
1111100000111010011011000111010100011110111000101100110011001101
0110001110101011010101111010010110111001101111001100010000110000
1000000000000101111101010111010011100000110011111000101111000101
1110110110011110101101011101110000101001100101010110101001010101
1111111100000010000010111011001101110011000110011001101101010101
0100101100001101000010011111010001110000011011101001011000010011
0100100001101110111011110111010010111011000000110101111111101110
1001101001001101111111001110001001011101000111011111010110011100
1111001100101110111111010010001100111001000110000010111011110111
0111000111011010110011010100101000110100101111110011111111110100
1011010000100001011110000111000100010101111011001011101111100011
0110110110010101100001101000100111100111110110001101100100111010
0010111110111110110101011001000011010011100010010101000110000000
0110000000101001110100100010011110101101110100010000011100000000
0110100010011111011011110110011000100001000101001001001000110010
1110001110101100010110111111011001101101001001010011111001110100
1000010010011010110100110110111001101000101110100000111001001110
1010001010101111110001100000110110101010011100101011101100100011
1011000101000110001010010011100111111000100010100111000010011011
1111100001110011110010111000111000001101110001111111111000111001
1011000011100001001100101111001000001111000010001111110010001110
0101100100111001100111010110001011000001001001010101101001100100
1010111010010110001000110001111001100010011010100100101010001100
1101010111100111110000011001111010000100111010010001110100110001
0000101100011110110110010101110100000000111100001001001101101110
0110100001100111011111111011101011000000101101011101000100010100
0111111110100011101110010100000100001101001010110111101111010010
1110101000100110110010010110011000010101111010110101100011001000
1111111011000101100000011000000110111011001110001011111111110010
1000101001110101111010001100101000100101001101010101010111010111
1111111011000101100000011000000110111011001110001011111111110010
1001000010100111110001110001110111010011001111101001011110100110